  0.
  0.536089718
  1.07217944
  1.60826921
  2.14435887
  2.68044877
  3.21653843
  3.75262833
  4.28871775
  4.82480764
  5.36089754
  5.89698744
  6.43307686
  6.96916676
  7.50525665
  8.04134655
  8.57743549
  9.11352539
  9.64961529
  10.1857052
  10.7217951
  11.257885
  11.7939749
  12.3300638
  12.8661537
  13.4022436
  13.9383335
  14.4744234
  15.0105133
  15.5466022
  16.0826931
  16.618782
  17.154871
  17.6909618
  18.2270508
  18.7631416
  19.2992306
  19.8353214
  20.3714104
  20.9074993
  21.4435902
  21.9796791
  22.51577
  23.0518589
  23.5879498
  24.1240387
  24.6601276
  25.1962185
  25.7323074
  26.2683983
  26.8044872
  27.3405781
  27.876667
  28.412756
  28.9488468
  29.4849358
  30.0210266
  30.5571156
  31.0932045
  31.6292953
  32.1653862
  32.7014732
  33.2375641
  33.7736549
  34.309742
  34.8458328
  35.3819237
  36.186058
  36.9901924
  37.7943268
  38.5984612
  39.4025955
  40.2067299
  41.0108643
  41.8149986
  42.6191368
  43.4232712
  44.2274055
  45.0315399
  45.8356743
  46.6398087
  47.443943
  48.2480774
  49.0522118
  49.8563461
  50.6604805
  51.4646149
  52.2687492
  53.0728836
  53.877018
  54.6811562
  55.4852905
  56.2894249
  57.0935593
  57.8976936
  58.701828
  59.5059624
  60.3100967
  61.1142311
  61.9183655
  62.7224998
  63.5266342
  64.3307724
  65.134903
  65.9390411
  66.7431717
  67.5473099
  68.3514404
  69.1555786
  69.9597092
  71.5679779
  73.1762543
  74.784523
  76.3927917
  78.0010605
  79.6093292
  81.217598
  82.8258667
  84.4341354
  86.0424042
  87.6506729
  89.2589417
  90.8672104
  92.4754791
  94.0837479
  95.6920166
  97.300293
  98.9085617
  100.51683
  102.125099
  103.733368
  105.341637
  106.949905
  108.558174
  110.166443
  111.774712
  113.38298
  114.991249
  116.599518
  118.207787
  119.816055
  121.424332
  123.0326
  124.640869
  126.249138
  127.857407
  129.465668
  131.073944
  132.682205
  134.290482
  135.898758
  137.507019
  139.115295
  142.331833
  145.54837
  148.764908
  151.981445
  155.197983
  158.41452
  161.631058
  164.847595
  168.064133
  171.28067
  174.497208
  177.713745
  180.930283
  184.146835
  187.363373
  190.57991
  193.796448
  197.012985
  200.229523
  203.44606
  206.662598
  209.879135
  213.095673
  216.31221
  219.528748
  222.745285
  225.961823
  229.17836
  232.394913
  235.61145
  238.827988
  242.044525
  245.261063
  248.4776
  251.694138
  254.910675
  258.127228
  261.34375
  264.560303
  267.776825
  270.993378
  274.2099
  277.426453
  283.859528
  290.292603
  296.725677
  303.158752
  309.591827
  316.024902
  322.457977
  328.891052
  335.324127
  341.757202
  348.190277
  354.623383
  361.056458
  367.489532
  373.922607
  380.355682
  386.788757
  393.221832
  399.654907
  406.087982
  412.521057
  418.954132
  425.387207
  431.820282
  438.253357
  444.686432
  451.119537
  457.552612
  463.985687
  470.418762
  476.851837
  483.284912
  489.717987
  496.151062
  502.584137
  509.017212
  515.450317
  521.883362
  528.316467
  534.749512
  541.182617
  547.615662
  554.048767
  566.914917
  579.781067
  592.647217
  605.513367
  618.379517
  631.245667
  644.111816
  656.977966
  669.844116
  682.710266
  695.576477
  708.442627
  721.308777
  734.174927
  747.041077
  759.907227
  772.773376
  785.639526
  798.505676
  811.371826
  824.237976
  837.104126
  849.970276
  862.836426
  875.702576
  888.568787
  901.434937
  914.301086
  927.167236
  940.033386
  952.899536
  965.765686
  978.631836
  991.497986
  1004.36414
  1017.23029
  1030.09644
  1042.96265
  1055.82874
  1068.69495
  1081.56104
  1094.42725
  1107.29333
  1120.15955
  1145.89185
  1171.62415
  1197.35645
  1223.08875
  1248.82104
  1274.55334
  1300.28564
  1326.01794
  1351.75024
  1377.48267
  1403.21497
  1428.94727
  1454.67957
  1480.41187
  1506.14417
  1531.87646
  1557.60876
  1583.34106
  1609.07336
  1634.80566
  1660.53796
  1686.27026
  1712.00256
  1737.73486
  1763.46729
  1789.19958
  1814.93188
  1840.66418
  1866.39648
  1892.12878
  1917.86108
  1943.59338
  1969.32568
  1995.05798
  2020.79028
  2046.52258
  2072.25488
  2097.9873
  2123.71948
  2149.4519
  2175.18408
  2200.9165
